Die Zahlenreihen von Malicious und Benign wurden harmonisert, sodass die Pattern Length zusammengeführt wurde,
bedeutet wenn es bei einem von beiden einen Wert nicht gab, so wurde dieser mit dem Wert 0 hinzugefügt.

Im nächsten Schritt wurden die 0 Werte jeweils mit dem Wert rechts von der Zahlenreihe ersetzt,
sodaß sich bei diesem bestimmten Wert keine Änderung ergab.

Ransomware-Files: Benign Signaturen wurgen gegen Ransomware-Signaturen geprüft
Benign-Files: Ransomware Signaturen wurden gegen Benign-Signaturen geprüft

---

Header Signatures:
Pattern Length      [4, 5, 6, 7, 8, 10, 11, 12, 16, 18, 24, 25, 60, 64, 128, 129, 134, 136, 137]
Ransomware Files:   [272, 271, 261, 248, 248, 247, 244, 236, 236, 230, 227, 216, 211, 209, 209, 127, 82, 81, 0]
Ransomware %:       [97.14%, 96.79%, 93.21%, 88.57%, 88.57%, 88.21%, 87.14%, 84.29%, 84.29%, 82.14%, 81.07%, 77.14%, 75.36%, 74.64%, 74.64%, 45.36%, 29.29%, 28.93%, 0.00%]
Benign Files:       [2628, 2627, 2620, 2501, 2472, 2456, 2266, 2266, 2232, 1806, 1806, 1738, 1664, 1598, 1567, 98, 30, 3, 0]
Benign %:           [26.28%, 26.27%, 26.20%, 25.01%, 24.72%, 24.56%, 22.66%, 22.66%, 22.32%, 18.06%, 18.06%, 17.38%, 16.64%, 15.98%, 15.67%, 0.98%, 0.30%, 0.03%, 0.00%]


Footer Signatures:
Length: [4, 5, 6, 7, 8, 10, 12, 14, 15, 16, 17, 18, 19, 20, 22, 24, 26, 28, 29, 30, 31, 32, 33, 34, 35, 36, 37, 38, 40, 42, 44, 46, 47, 48, 50, 52, 54, 55, 56, 58, 60, 61, 62, 64, 66, 68, 70, 71, 72, 74, 76, 78, 80, 82, 84, 86, 88, 90, 92, 94, 96, 98, 100, 102, 104, 106, 108, 110, 111, 112, 114, 116, 118, 120, 122, 124, 125, 126, 127, 128, 130, 132, 134, 136, 138, 140, 142, 143, 144, 146, 148, 150, 152, 154, 156, 158, 160, 162, 164, 166, 168, 169, 170, 174, 175, 176, 178, 182, 183, 184, 186, 189, 190, 192, 194, 195, 196, 199, 200, 202, 204, 205, 206, 207, 208, 210, 214, 215, 216, 218, 220, 222, 224, 226, 227, 228, 230, 232, 234, 236, 238, 240, 242, 244, 246, 247, 248, 250, 254, 255, 256, 258, 260, 262, 264, 266, 270, 274, 276, 280, 282, 284, 286, 287, 288, 290, 294, 296, 298, 300, 302, 303, 304, 306, 308, 310, 312, 314, 318, 320, 322, 323, 324, 326, 327, 328, 329, 330, 332, 334, 336, 338, 340, 342, 344, 345, 346, 348, 350, 352, 354, 356, 358, 360, 362, 364, 366, 368, 370, 372, 374, 376, 378, 382, 384, 386, 388, 390, 394, 396, 398, 400, 402, 403, 406, 408, 409, 410, 411, 412, 414, 416, 418, 419, 420, 422, 424, 426, 428, 430, 431, 432, 434, 436, 438, 439, 440, 442, 444, 445, 446, 447, 448, 450, 452, 453, 454, 456, 457, 458, 460, 462, 463, 464, 466, 468, 470, 471, 472, 474, 476, 478, 480, 482, 484, 486, 487, 488, 490, 491, 492, 494, 496, 498, 500, 502, 504, 506, 507, 508, 509, 510, 516, 526, 529, 730, 895, 996, 1016, 1186, 1188, 1232, 1244, 1626, 1661, 1711, 2252, 2262, 2428, 2511, 2689, 2952, 3011, 3328, 3637, 3812, 4072, 4086, 4090, 4300, 4464, 5005, 5242, 5296, 5859, 5893, 5899, 6125, 6192, 6512, 6580, 7521, 7704, 7734, 7828, 7859, 7939, 8195, 8476, 9059, 9227, 9363, 9904, 9905]
Benign Files: [1965, 1791, 1753, 1610, 1538, 1531, 1525, 1518, 1502, 1494, 1485, 1484, 1482, 1465, 1456, 1452, 1450, 1449, 1447, 1445, 1439, 1281, 1278, 1276, 1274, 1273, 1268, 1248, 1239, 1236, 1235, 1234, 1231, 1229, 1180, 1177, 1174, 1171, 1169, 1168, 1163, 1159, 1158, 1154, 1153, 1151, 1149, 1142, 1141, 1139, 1137, 1136, 1132, 1127, 1126, 1125, 1120, 1118, 1116, 1115, 1112, 1108, 1106, 1103, 1097, 1096, 1093, 1088, 1083, 1082, 1079, 1075, 1072, 1069, 1063, 1060, 1059, 1055, 1048, 1047, 1042, 1037, 1036, 1034, 1033, 1028, 1026, 1022, 1021, 1019, 1015, 1014, 1011, 1010, 1004, 999, 995, 994, 986, 983, 981, 980, 971, 968, 960, 958, 957, 952, 945, 906, 905, 901, 900, 896, 892, 889, 888, 886, 885, 884, 876, 873, 872, 865, 864, 860, 857, 852, 851, 848, 843, 842, 837, 834, 828, 827, 824, 822, 820, 810, 804, 801, 798, 795, 792, 789, 788, 786, 781, 777, 776, 773, 765, 764, 763, 762, 758, 754, 753, 750, 748, 736, 733, 732, 731, 729, 724, 717, 710, 705, 697, 694, 693, 690, 687, 685, 681, 677, 674, 668, 662, 658, 657, 653, 645, 644, 639, 638, 625, 608, 587, 583, 581, 578, 572, 567, 566, 561, 559, 553, 552, 544, 539, 535, 530, 527, 525, 524, 521, 518, 516, 512, 511, 507, 502, 495, 491, 489, 486, 483, 481, 476, 473, 470, 469, 464, 462, 461, 411, 399, 397, 392, 390, 385, 384, 378, 374, 369, 367, 366, 361, 360, 357, 353, 349, 344, 341, 338, 330, 325, 309, 304, 303, 299, 296, 293, 290, 286, 283, 282, 276, 270, 268, 267, 266, 262, 257, 253, 252, 246, 235, 234, 228, 224, 199, 192, 177, 176, 173, 167, 166, 163, 161, 157, 155, 153, 135, 133, 127, 125, 123, 121, 118, 117, 116, 114, 113, 112, 111, 110, 109, 108, 107, 105, 104, 103, 102, 101, 100, 99, 98, 97, 96, 95, 94, 93, 92, 91, 90, 89, 88, 87, 86, 85, 84, 83, 82, 81, 80, 79, 78, 77, 76, 75, 74, 73, 72, 71, 70, 69, 68, 67, 66, 0]


Header and Footer Signatures in Combination:
Pattern Length:   [4, 5, 6, 7, 8, 10, 11, 12, 14, 16, 18, 19, 20, 22, 24, 25, 26, 28, 29, 30, 31, 32, 34, 36, 38, 40, 42, 43, 44, 46, 47, 48, 50, 52, 54, 55, 56, 58, 60, 62, 64, 66, 68, 70, 72, 73, 74, 75, 76, 78, 80, 81, 84, 86, 88, 90, 92, 94, 96, 98, 100, 102, 104, 106, 108, 109, 110, 112, 114, 116, 118, 120, 122, 124, 126, 128, 129, 134, 136, 137]
Ransomware Files: [185, 184, 174, 160, 159, 157, 156, 153, 153, 153, 149, 146, 145, 145, 145, 135, 131, 131, 131, 131, 131, 131, 131, 131, 131, 131, 131, 131, 118, 118, 118, 117, 117, 116, 115, 115, 114, 114, 113, 112, 110, 110, 110, 109, 109, 109, 108, 108, 107, 107, 107, 107, 106, 106, 106, 105, 105, 105, 105, 105, 104, 104, 104, 104, 103, 103, 102, 102, 102, 98, 98, 98, 97, 97, 97, 97, 45, 26, 25, 0]
Ransomware %:     [66.07%, 65.71%, 62.14%, 57.14%, 56.79%, 56.07%, 55.71%, 54.64%, 54.64%, 54.64%, 53.21%, 52.14%, 51.79%, 51.79%, 51.79%, 48.21%, 46.79%, 46.79%, 46.79%, 46.79%, 46.79%, 46.79%, 46.79%, 46.79%, 46.79%, 46.79%, 46.79%, 46.79%, 42.14%, 42.14%, 42.14%, 41.79%, 41.79%, 41.43%, 41.07%, 41.07%, 40.71%, 40.71%, 40.36%, 40.00%, 39.29%, 39.29%, 39.29%, 38.93%, 38.93%, 38.93%, 38.57%, 38.57%, 38.21%, 38.21%, 38.21%, 38.21%, 37.86%, 37.86%, 37.86%, 37.50%, 37.50%, 37.50%, 37.50%, 37.50%, 37.14%, 37.14%, 37.14%, 37.14%, 36.79%, 36.79%, 36.43%, 36.43%, 36.43%, 35.00%, 35.00%, 35.00%, 34.64%, 34.64%, 34.64%, 34.64%, 16.07%, 9.29%, 8.93%, 0.00%]
Benign Files:     [1408, 1318, 1291, 1254, 1211, 1205, 1200, 1200, 1165, 1163, 1093, 1091, 1076, 1070, 1066, 1012, 938, 937, 935, 934, 928, 927, 924, 922, 917, 912, 909, 908, 908, 907, 904, 902, 900, 897, 895, 892, 891, 890, 885, 827, 823, 822, 820, 818, 811, 809, 809, 807, 807, 806, 802, 797, 797, 796, 791, 789, 787, 786, 783, 779, 777, 774, 768, 767, 764, 759, 759, 754, 751, 747, 745, 742, 736, 733, 732, 725, 80, 27, 1, 0]
Benign %:         [14.08%, 13.18%, 12.91%, 12.54%, 12.11%, 12.05%, 12.00%, 12.00%, 11.65%, 11.63%, 10.93%, 10.91%, 10.76%, 10.70%, 10.66%, 10.12%, 9.38%, 9.37%, 9.35%, 9.34%, 9.28%, 9.27%, 9.24%, 9.22%, 9.17%, 9.12%, 9.09%, 9.08%, 9.08%, 9.07%, 9.04%, 9.02%, 9.00%, 8.97%, 8.95%, 8.92%, 8.91%, 8.90%, 8.85%, 8.27%, 8.23%, 8.22%, 8.20%, 8.18%, 8.11%, 8.09%, 8.09%, 8.07%, 8.07%, 8.06%, 8.02%, 7.97%, 7.97%, 7.96%, 7.91%, 7.89%, 7.87%, 7.86%, 7.83%, 7.79%, 7.77%, 7.74%, 7.68%, 7.67%, 7.64%, 7.59%, 7.59%, 7.54%, 7.51%, 7.47%, 7.45%, 7.42%, 7.36%, 7.33%, 7.32%, 7.25%, 0.80%, 0.27%, 0.01%, 0.00%]


