Die Zahlenreihen von Malicious und Benign wurden harmonisert, sodass die Pattern Length zusammengeführt wurde,
bedeutet wenn es bei einem von beiden einen Wert nicht gab, so wurde dieser mit dem Wert 0 hinzugefügt.

Im nächsten Schritt wurden die 0 Werte jeweils mit dem Wert rechts von der Zahlenreihe ersetzt,
sodaß sich bei diesem bestimmten Wert keine Änderung ergab.

Ransomware-Files: Benign Signaturen wurgen gegen Ransomware-Signaturen geprüft
Benign-Files: Ransomware Signaturen wurden gegen Benign-Signaturen geprüft

---

Header Signatures:
Pattern Length                  [4, 5, 6, 7, 8, 10, 11, 12, 16, 18, 24, 25, 60, 64, 128, 129, 134, 136, 137]
Ransomware Files:               [272, 271, 261, 248, 248, 247, 244, 236, 236, 230, 227, 216, 211, 209, 209, 127, 82, 81, 0]
Ransomware :                    [97.14, 96.79, 93.21, 88.57, 88.57, 88.21, 87.14, 84.29, 84.29, 82.14, 81.07, 77.14, 75.36, 74.64, 74.64, 45.36, 29.29, 28.93, 0.00]
Benign Files:                   [2628, 2627, 2620, 2501, 2472, 2456, 2266, 2266, 2232, 1806, 1806, 1738, 1664, 1598, 1567, 98, 30, 3, 0]
Benign :                        [26.28, 26.27, 26.20, 25.01, 24.72, 24.56, 22.66, 22.66, 22.32, 18.06, 18.06, 17.38, 16.64, 15.98, 15.67, 0.98, 0.30, 0.03, 0.00]

----

New Header with Different Patterns:

Pattern Length Benign:          [4, 5, 6, 7, 8, 10, 11, 12, 16, 18, 24, 25, 60, 64, 128, 129, 134, 136, 137]
File Count Malicious Filled:    [272, 271, 261, 248, 248, 247, 244, 236, 236, 230, 227, 216, 211, 209, 209, 127, 82, 81, 0]
Different Patterns Malicious:   [7, 9, 7, 8, 8, 7, 5, 5, 5, 4, 4, 3, 1, 13, 13, 25, 2, 3, 0]
Percentage Malicious Filled:    [97.14, 96.79, 93.21, 88.57, 88.57, 88.21, 87.14, 84.29, 84.29, 82.14, 81.07, 77.14, 75.36, 74.64, 74.64, 45.36, 29.29, 28.93, 0.00]
File Count Benign Filled:       [2628, 2627, 2620, 2501, 2472, 2456, 2266, 2266, 2232, 1806, 1806, 1738, 1664, 1598, 1567, 98, 30, 3, 0]
Different Patterns Benign:      [7, 9, 7, 7, 8, 7, 5, 5, 5, 4, 4, 3, 1, 13, 13, 25, 2, 3, 0]
Percentage Benign Filled:       [26.28, 26.27, 26.20, 25.01, 24.72, 24.56, 22.66, 22.66, 22.32, 18.06, 18.06, 17.38, 16.64, 15.98, 15.67, 0.98, 0.30, 0.03, 0.00]

----

Footer Signatures:
Length: [4, 5, 6, 7, 8, 10, 12, 14, 15, 16, 17, 18, 19, 20, 22, 24, 26, 28, 29, 30, 31, 32, 33, 34, 35, 36, 37, 38, 40, 42, 43, 44, 45, 46, 47, 48, 50, 52, 54, 55, 56, 58, 60, 61, 62, 64, 66, 68, 70, 71, 72, 73, 74, 75, 76, 78, 80, 81, 82, 84, 86, 88, 90, 92, 94, 96, 98, 100, 102, 104, 106, 108, 109, 110, 111, 112, 114, 116, 118, 120, 122, 124, 125, 126, 127, 128, 130, 132, 134, 136, 138, 140, 142, 143, 144, 146, 148, 150, 152, 154, 156, 158, 160, 162, 164, 166, 168, 169, 170, 173, 174, 175, 176, 178, 182, 183, 184, 186, 189, 190, 192, 194, 195, 196, 198, 199, 200, 202, 204, 205, 206, 207, 208, 210, 212, 214, 215, 216, 218, 220, 222, 224, 226, 227, 228, 229, 230, 232, 234, 236, 238, 240, 242, 244, 246, 247, 248, 250, 252, 253, 254, 255, 256, 258, 260, 262, 264, 266, 270, 274, 276, 280, 282, 284, 286, 287, 288, 290, 294, 295, 296, 298, 300, 302, 303, 304, 306, 308, 310, 312, 314, 318, 320, 322, 323, 324, 326, 327, 328, 329, 330, 332, 334, 336, 338, 340, 342, 344, 345, 346, 348, 349, 350, 352, 354, 356, 358, 360, 362, 364, 366, 368, 370, 372, 374, 376, 378, 382, 384, 386, 388, 390, 394, 396, 398, 400, 402, 403, 406, 408, 409, 410, 411, 412, 414, 416, 418, 419, 420, 422, 424, 426, 428, 429, 430, 431, 432, 434, 436, 438, 439, 440, 442, 444, 445, 446, 447, 448, 450, 452, 453, 454, 456, 457, 458, 460, 462, 463, 464, 466, 468, 470, 471, 472, 474, 476, 478, 480, 482, 484, 486, 487, 488, 490, 491, 492, 493, 494, 496, 498, 500, 502, 504, 506, 507, 508, 509, 510, 511, 516, 526, 529, 688, 730, 895, 996, 1016, 1186, 1188, 1232, 1244, 1626, 1661, 1711, 2252, 2262, 2355, 2428, 2511, 2689, 2952, 3011, 3259, 3271, 3328, 3637, 3650, 3812, 4072, 4086, 4090, 4300, 4464, 4643, 4685, 5005, 5242, 5296, 5859, 5893, 5899, 6110, 6125, 6192, 6512, 6580, 7521, 7704, 7734, 7828, 7859, 7939, 8195, 8476, 9059, 9227, 9363, 9904, 9905]
Ransomware Files: [188, 187, 186, 184, 183, 182, 181, 178, 178, 177, 176, 176, 176, 173, 170, 170, 170, 170, 170, 170, 170, 168, 168, 168, 168, 168, 168, 155, 155, 155, 155, 142, 142, 141, 141, 140, 140, 139, 138, 138, 137, 137, 136, 135, 135, 133, 133, 133, 132, 132, 132, 132, 131, 131, 130, 130, 130, 130, 129, 129, 129, 129, 128, 128, 128, 128, 128, 127, 127, 127, 127, 126, 126, 125, 125, 125, 125, 121, 121, 121, 120, 120, 120, 120, 120, 120, 120, 120, 120, 120, 120, 120, 120, 119, 119, 119, 119, 119, 119, 119, 119, 119, 119, 119, 119, 119, 119, 119, 119, 119, 117, 115, 115, 115, 115, 115, 115, 115, 115, 115, 115, 115, 115, 114, 114, 113, 113, 112, 112, 112, 112, 112, 112, 112, 112, 111, 110, 110, 110, 110, 110, 110, 110, 110, 110, 110, 109, 109, 109, 109, 109, 109, 109, 109, 109, 109, 109, 109, 109, 108, 80, 80, 80, 80, 80, 80, 80, 80, 80, 79, 79, 79, 79, 79, 79, 78, 78, 78, 77, 77, 76, 76, 76, 76, 73, 73, 73, 73, 73, 72, 72, 72, 72, 72, 72, 72, 72, 72, 72, 72, 72, 72, 72, 72, 72, 72, 72, 72, 72, 72, 72, 72, 65, 65, 65, 65, 65, 65, 65, 65, 65, 65, 65, 65, 65, 65, 64, 63, 63, 62, 62, 62, 62, 62, 62, 62, 62, 61, 61, 61, 61, 61, 61, 61, 61, 61, 61, 61, 61, 60, 60, 59, 59, 59, 58, 55, 54, 54, 54, 54, 54, 54, 54, 54, 54, 54, 54, 54, 54, 54, 54, 54, 54, 53, 53, 53, 51, 49, 49, 48, 47, 46, 46, 46, 45, 45, 45, 45, 45, 45, 45, 45, 45, 45, 45, 45, 45, 29, 29, 28, 28, 28, 28, 28, 28, 28, 28, 28, 28, 16, 16, 16, 16, 15, 15, 15, 15, 15, 15, 15, 15, 15, 15, 15, 15, 15, 15, 14, 14, 14, 14, 14, 14, 13, 12, 12, 7, 6, 6, 6, 6, 6, 6, 6, 5, 3, 3, 3, 3, 3, 3, 3, 2, 2, 2, 2, 2, 2, 2, 2, 2, 2, 2, 2, 2, 2, 2, 2, 0]
Ransomware : [67.14, 66.79, 66.43, 65.71, 65.36, 65.0, 64.64, 63.57, 63.57, 63.21, 62.86, 62.86, 62.86, 61.79, 60.71, 60.71, 60.71, 60.71, 60.71, 60.71, 60.71, 60.0, 60.0, 60.0, 60.0, 60.0, 60.0, 55.36, 55.36, 55.36, 55.36, 50.71, 50.71, 50.36, 50.36, 50.0, 50.0, 49.64, 49.29, 49.29, 48.93, 48.93, 48.57, 48.21, 48.21, 47.5, 47.5, 47.5, 47.14, 47.14, 47.14, 47.14, 46.79, 46.79, 46.43, 46.43, 46.43, 46.43, 46.07, 46.07, 46.07, 46.07, 45.71, 45.71, 45.71, 45.71, 45.71, 45.36, 45.36, 45.36, 45.36, 45.0, 45.0, 44.64, 44.64, 44.64, 44.64, 43.21, 43.21, 43.21, 42.86, 42.86, 42.86, 42.86, 42.86, 42.86, 42.86, 42.86, 42.86, 42.86, 42.86, 42.86, 42.86, 42.5, 42.5, 42.5, 42.5, 42.5, 42.5, 42.5, 42.5, 42.5, 42.5, 42.5, 42.5, 42.5, 42.5, 42.5, 42.5, 42.5, 41.79, 41.07, 41.07, 41.07, 41.07, 41.07, 41.07, 41.07, 41.07, 41.07, 41.07, 41.07, 41.07, 40.71, 40.71, 40.36, 40.36, 40.0, 40.0, 40.0, 40.0, 40.0, 40.0, 40.0, 40.0, 39.64, 39.29, 39.29, 39.29, 39.29, 39.29, 39.29, 39.29, 39.29, 39.29, 39.29, 38.93, 38.93, 38.93, 38.93, 38.93, 38.93, 38.93, 38.93, 38.93, 38.93, 38.93, 38.93, 38.93, 38.57, 28.57, 28.57, 28.57, 28.57, 28.57, 28.57, 28.57, 28.57, 28.57, 28.21, 28.21, 28.21, 28.21, 28.21, 28.21, 27.86, 27.86, 27.86, 27.5, 27.5, 27.14, 27.14, 27.14, 27.14, 26.07, 26.07, 26.07, 26.07, 26.07, 25.71, 25.71, 25.71, 25.71, 25.71, 25.71, 25.71, 25.71, 25.71, 25.71, 25.71, 25.71, 25.71, 25.71, 25.71, 25.71, 25.71, 25.71, 25.71, 25.71, 25.71, 25.71, 25.71, 23.21, 23.21, 23.21, 23.21, 23.21, 23.21, 23.21, 23.21, 23.21, 23.21, 23.21, 23.21, 23.21, 23.21, 22.86, 22.5, 22.5, 22.14, 22.14, 22.14, 22.14, 22.14, 22.14, 22.14, 22.14, 21.79, 21.79, 21.79, 21.79, 21.79, 21.79, 21.79, 21.79, 21.79, 21.79, 21.79, 21.79, 21.43, 21.43, 21.07, 21.07, 21.07, 20.71, 19.64, 19.29, 19.29, 19.29, 19.29, 19.29, 19.29, 19.29, 19.29, 19.29, 19.29, 19.29, 19.29, 19.29, 19.29, 19.29, 19.29, 19.29, 18.93, 18.93, 18.93, 18.21, 17.5, 17.5, 17.14, 16.79, 16.43, 16.43, 16.43, 16.07, 16.07, 16.07, 16.07, 16.07, 16.07, 16.07, 16.07, 16.07, 16.07, 16.07, 16.07, 16.07, 10.36, 10.36, 10.0, 10.0, 10.0, 10.0, 10.0, 10.0, 10.0, 10.0, 10.0, 10.0, 5.71, 5.71, 5.71, 5.71, 5.36, 5.36, 5.36, 5.36, 5.36, 5.36, 5.36, 5.36, 5.36, 5.36, 5.36, 5.36, 5.36, 5.36, 5.0, 5.0, 5.0, 5.0, 5.0, 5.0, 4.64, 4.29, 4.29, 2.5, 2.14, 2.14, 2.14, 2.14, 2.14, 2.14, 2.14, 1.79, 1.07, 1.07, 1.07, 1.07, 1.07, 1.07, 1.07, 0.71, 0.71, 0.71, 0.71, 0.71, 0.71, 0.71, 0.71, 0.71, 0.71, 0.71, 0.71, 0.71, 0.71, 0.71, 0.71, 0.0]
Benign Files: [1965, 1791, 1753, 1610, 1538, 1531, 1525, 1518, 1502, 1494, 1485, 1484, 1482, 1465, 1456, 1452, 1450, 1449, 1447, 1445, 1439, 1281, 1278, 1276, 1274, 1273, 1268, 1248, 1239, 1236, 1235, 1235, 1234, 1234, 1231, 1229, 1180, 1177, 1174, 1171, 1169, 1168, 1163, 1159, 1158, 1154, 1153, 1151, 1149, 1142, 1141, 1139, 1139, 1137, 1137, 1136, 1132, 1127, 1127, 1126, 1125, 1120, 1118, 1116, 1115, 1112, 1108, 1106, 1103, 1097, 1096, 1093, 1088, 1088, 1083, 1082, 1079, 1075, 1072, 1069, 1063, 1060, 1059, 1055, 1048, 1047, 1042, 1037, 1036, 1034, 1033, 1028, 1026, 1022, 1021, 1019, 1015, 1014, 1011, 1010, 1004, 999, 995, 994, 986, 983, 981, 980, 971, 968, 968, 960, 958, 957, 952, 945, 906, 905, 901, 900, 896, 892, 889, 888, 886, 886, 885, 884, 876, 873, 872, 865, 864, 860, 857, 857, 852, 851, 848, 843, 842, 837, 834, 828, 827, 824, 824, 822, 820, 810, 804, 801, 798, 795, 792, 789, 788, 786, 781, 781, 781, 777, 776, 773, 765, 764, 763, 762, 758, 754, 753, 750, 748, 736, 733, 732, 731, 729, 724, 717, 717, 710, 705, 697, 694, 693, 690, 687, 685, 681, 677, 674, 668, 662, 658, 657, 653, 645, 644, 639, 638, 625, 608, 587, 583, 581, 578, 572, 567, 566, 561, 559, 559, 553, 552, 544, 539, 535, 530, 527, 525, 524, 521, 518, 516, 512, 511, 507, 502, 495, 491, 489, 486, 483, 481, 476, 473, 470, 469, 464, 462, 461, 411, 399, 397, 392, 390, 385, 384, 378, 374, 369, 367, 366, 366, 361, 360, 357, 353, 349, 344, 341, 338, 330, 325, 309, 304, 303, 299, 296, 293, 290, 286, 283, 282, 276, 270, 268, 267, 266, 262, 257, 253, 252, 246, 235, 234, 228, 224, 199, 192, 177, 176, 173, 167, 166, 163, 163, 161, 157, 155, 153, 135, 133, 127, 125, 123, 121, 118, 118, 117, 116, 114, 114, 113, 112, 111, 110, 109, 108, 107, 105, 104, 103, 102, 101, 100, 100, 99, 98, 97, 96, 95, 95, 95, 94, 93, 93, 92, 91, 90, 89, 88, 87, 87, 87, 86, 85, 84, 83, 82, 81, 81, 80, 79, 78, 77, 76, 75, 74, 73, 72, 71, 70, 69, 68, 67, 66, 0]
Benign : [19.65, 17.91, 17.53, 16.1, 15.38, 15.31, 15.25, 15.18, 15.02, 14.94, 14.85, 14.84, 14.82, 14.65, 14.56, 14.52, 14.5, 14.49, 14.47, 14.45, 14.39, 12.81, 12.78, 12.76, 12.74, 12.73, 12.68, 12.48, 12.39, 12.36, 12.35, 12.35, 12.34, 12.34, 12.31, 12.29, 11.8, 11.77, 11.74, 11.71, 11.69, 11.68, 11.63, 11.59, 11.58, 11.54, 11.53, 11.51, 11.49, 11.42, 11.41, 11.39, 11.39, 11.37, 11.37, 11.36, 11.32, 11.27, 11.27, 11.26, 11.25, 11.2, 11.18, 11.16, 11.15, 11.12, 11.08, 11.06, 11.03, 10.97, 10.96, 10.93, 10.88, 10.88, 10.83, 10.82, 10.79, 10.75, 10.72, 10.69, 10.63, 10.6, 10.59, 10.55, 10.48, 10.47, 10.42, 10.37, 10.36, 10.34, 10.33, 10.28, 10.26, 10.22, 10.21, 10.19, 10.15, 10.14, 10.11, 10.1, 10.04, 9.99, 9.95, 9.94, 9.86, 9.83, 9.81, 9.8, 9.71, 9.68, 9.68, 9.6, 9.58, 9.57, 9.52, 9.45, 9.06, 9.05, 9.01, 9.0, 8.96, 8.92, 8.89, 8.88, 8.86, 8.86, 8.85, 8.84, 8.76, 8.73, 8.72, 8.65, 8.64, 8.6, 8.57, 8.57, 8.52, 8.51, 8.48, 8.43, 8.42, 8.37, 8.34, 8.28, 8.27, 8.24, 8.24, 8.22, 8.2, 8.1, 8.04, 8.01, 7.98, 7.95, 7.92, 7.89, 7.88, 7.86, 7.81, 7.81, 7.81, 7.77, 7.76, 7.73, 7.65, 7.64, 7.63, 7.62, 7.58, 7.54, 7.53, 7.5, 7.48, 7.36, 7.33, 7.32, 7.31, 7.29, 7.24, 7.17, 7.17, 7.1, 7.05, 6.97, 6.94, 6.93, 6.9, 6.87, 6.85, 6.81, 6.77, 6.74, 6.68, 6.62, 6.58, 6.57, 6.53, 6.45, 6.44, 6.39, 6.38, 6.25, 6.08, 5.87, 5.83, 5.81, 5.78, 5.72, 5.67, 5.66, 5.61, 5.59, 5.59, 5.53, 5.52, 5.44, 5.39, 5.35, 5.3, 5.27, 5.25, 5.24, 5.21, 5.18, 5.16, 5.12, 5.11, 5.07, 5.02, 4.95, 4.91, 4.89, 4.86, 4.83, 4.81, 4.76, 4.73, 4.7, 4.69, 4.64, 4.62, 4.61, 4.11, 3.99, 3.97, 3.92, 3.9, 3.85, 3.84, 3.78, 3.74, 3.69, 3.67, 3.66, 3.66, 3.61, 3.6, 3.57, 3.53, 3.49, 3.44, 3.41, 3.38, 3.3, 3.25, 3.09, 3.04, 3.03, 2.99, 2.96, 2.93, 2.9, 2.86, 2.83, 2.82, 2.76, 2.7, 2.68, 2.67, 2.66, 2.62, 2.57, 2.53, 2.52, 2.46, 2.35, 2.34, 2.28, 2.24, 1.99, 1.92, 1.77, 1.76, 1.73, 1.67, 1.66, 1.63, 1.63, 1.61, 1.57, 1.55, 1.53, 1.35, 1.33, 1.27, 1.25, 1.23, 1.21, 1.18, 1.18, 1.17, 1.16, 1.14, 1.14, 1.13, 1.12, 1.11, 1.1, 1.09, 1.08, 1.07, 1.05, 1.04, 1.03, 1.02, 1.01, 1.0, 1.0, 0.99, 0.98, 0.97, 0.96, 0.95, 0.95, 0.95, 0.94, 0.93, 0.93, 0.92, 0.91, 0.9, 0.89, 0.88, 0.87, 0.87, 0.87, 0.86, 0.85, 0.84, 0.83, 0.82, 0.81, 0.81, 0.8, 0.79, 0.78, 0.77, 0.76, 0.75, 0.74, 0.73, 0.72, 0.71, 0.7, 0.69, 0.68, 0.67, 0.66, 0.0]

Header and Footer Signatures in Combination:
Pattern Length:   [4, 5, 6, 7, 8, 10, 11, 12, 14, 16, 18, 19, 20, 22, 24, 25, 26, 28, 29, 30, 31, 32, 34, 36, 38, 40, 42, 43, 44, 46, 47, 48, 50, 52, 54, 55, 56, 58, 60, 62, 64, 66, 68, 70, 72, 73, 74, 75, 76, 78, 80, 81, 84, 86, 88, 90, 92, 94, 96, 98, 100, 102, 104, 106, 108, 109, 110, 112, 114, 116, 118, 120, 122, 124, 126, 128, 129, 134, 136, 137]
Ransomware Files: [185, 184, 174, 160, 159, 157, 156, 153, 153, 153, 149, 146, 145, 145, 145, 135, 131, 131, 131, 131, 131, 131, 131, 131, 131, 131, 131, 131, 118, 118, 118, 117, 117, 116, 115, 115, 114, 114, 113, 112, 110, 110, 110, 109, 109, 109, 108, 108, 107, 107, 107, 107, 106, 106, 106, 105, 105, 105, 105, 105, 104, 104, 104, 104, 103, 103, 102, 102, 102, 98, 98, 98, 97, 97, 97, 97, 45, 26, 25, 0]
Ransomware :     [66.07, 65.71, 62.14, 57.14, 56.79, 56.07, 55.71, 54.64, 54.64, 54.64, 53.21, 52.14, 51.79, 51.79, 51.79, 48.21, 46.79, 46.79, 46.79, 46.79, 46.79, 46.79, 46.79, 46.79, 46.79, 46.79, 46.79, 46.79, 42.14, 42.14, 42.14, 41.79, 41.79, 41.43, 41.07, 41.07, 40.71, 40.71, 40.36, 40.00, 39.29, 39.29, 39.29, 38.93, 38.93, 38.93, 38.57, 38.57, 38.21, 38.21, 38.21, 38.21, 37.86, 37.86, 37.86, 37.50, 37.50, 37.50, 37.50, 37.50, 37.14, 37.14, 37.14, 37.14, 36.79, 36.79, 36.43, 36.43, 36.43, 35.00, 35.00, 35.00, 34.64, 34.64, 34.64, 34.64, 16.07, 9.29, 8.93, 0.00]
Benign Files:     [1408, 1318, 1291, 1254, 1211, 1205, 1200, 1200, 1165, 1163, 1093, 1091, 1076, 1070, 1066, 1012, 938, 937, 935, 934, 928, 927, 924, 922, 917, 912, 909, 908, 908, 907, 904, 902, 900, 897, 895, 892, 891, 890, 885, 827, 823, 822, 820, 818, 811, 809, 809, 807, 807, 806, 802, 797, 797, 796, 791, 789, 787, 786, 783, 779, 777, 774, 768, 767, 764, 759, 759, 754, 751, 747, 745, 742, 736, 733, 732, 725, 80, 27, 1, 0]
Benign :         [14.08, 13.18, 12.91, 12.54, 12.11, 12.05, 12.00, 12.00, 11.65, 11.63, 10.93, 10.91, 10.76, 10.70, 10.66, 10.12, 9.38, 9.37, 9.35, 9.34, 9.28, 9.27, 9.24, 9.22, 9.17, 9.12, 9.09, 9.08, 9.08, 9.07, 9.04, 9.02, 9.00, 8.97, 8.95, 8.92, 8.91, 8.90, 8.85, 8.27, 8.23, 8.22, 8.20, 8.18, 8.11, 8.09, 8.09, 8.07, 8.07, 8.06, 8.02, 7.97, 7.97, 7.96, 7.91, 7.89, 7.87, 7.86, 7.83, 7.79, 7.77, 7.74, 7.68, 7.67, 7.64, 7.59, 7.59, 7.54, 7.51, 7.47, 7.45, 7.42, 7.36, 7.33, 7.32, 7.25, 0.80, 0.27, 0.01, 0.00]


Extended with Variants of Patterns
Byte lengths: 4, 5, 6, 7, 8, 10, 12, 16, 24, 25, 60, 64, 128, 129, 134, 136
Count of different patterns: 7, 9, 7, 7, 8, 7, 5, 5, 4, 3, 1, 13, 13, 25, 2, 3
Matches of each byte length: 2628, 2627, 2620, 2501, 2472, 2456, 2266, 2232, 1806, 1738, 1664, 1598, 1567, 98, 30, 3
Percentage of matches of each byte length: 26.28, 26.27, 26.20, 25.01, 24.72, 24.56, 22.66, 22.32, 18.06, 17.38, 16.64, 15.98, 15.67, 0.98, 0.30, 0.03

Byte lengths: 4, 5, 6, 8, 10, 11, 16, 18, 24, 25, 60, 128, 129, 134, 136
Count of different patterns: 7, 9, 7, 8, 7, 5, 5, 4, 4, 3, 1, 13, 25, 2, 3
Matches of each byte length: 272, 271, 261, 248, 247, 244, 236, 230, 227, 216, 211, 209, 127, 82, 81
Percentage of matches of each byte length: 97.14, 96.79, 93.21, 88.57, 88.21, 87.14, 84.29, 82.14, 81.07, 77.14, 75.36, 74.64, 45.36, 29.29, 28.93
